35.889885 128.583641
35.890012 128.583867
35.890910 128.586862
35.891329 128.588245
35.891834 128.589822
35.892172 128.590876
35.892389 128.591552
35.892499 128.591852
35.892695 128.592412
35.893152 128.593575
35.893277 128.593892
35.892850 128.594275
35.892178 128.594766
35.891763 128.595181
35.891420 128.595666
35.891138 128.596223
35.890943 128.596829
35.890768 128.597796
35.890684 128.598520
35.890596 128.598967
35.890411 128.599473
35.890212 128.599849
35.889941 128.600342
35.889640 128.600958
35.889431 128.601213
35.889109 128.601506
35.888728 128.601731
35.888415 128.601823
35.888044 128.601934
35.886709 128.602330
35.886273 128.602449
35.885040 128.604560
35.883870 128.606438
35.883405 128.607199
35.883120 128.607660
35.882850 128.608340
35.882641 128.609087
35.882460 128.609750
35.882356 128.610119
35.882111 128.610999
35.881884 128.611807
35.881324 128.613715
35.881124 128.614092
35.881602 128.616516
35.881748 128.617268
35.881926 128.618156
35.882068 128.618876
35.882156 128.619268
35.882393 128.620267
35.882467 128.620582
35.882649 128.621351
35.882902 128.622314
35.883007 128.622689
35.883137 128.623150
35.883035 128.623874
35.882548 128.624325
35.882235 128.624604
35.881888 128.624947
35.881662 128.625226
35.881401 128.625398
35.881070 128.625762
35.880862 128.626041
35.880531 128.626256
35.880271 128.626428
35.880132 128.626471
35.880250 128.626907
35.880199 128.627249
35.880620 128.628357
35.880776 128.628997
35.880674 128.629305
35.880858 128.630335
35.881036 128.631118
35.881175 128.631531
35.881945 128.633084
35.882592 128.633861
35.882442 128.635664
35.882558 128.636006
35.882120 128.636431
35.881778 128.636876
35.881373 128.637277