35.889172 128.586495
35.888711 128.589111
35.888470 128.590280
35.888289 128.591144
35.888184 128.591649
35.888068 128.592202
35.887992 128.592565
35.887406 128.595363
35.887299 128.595891
35.887224 128.596247
35.886854 128.597990
35.886547 128.599463
35.886447 128.599944
35.886365 128.600487
35.886283 128.602209
35.885040 128.604560
35.883870 128.606438
35.883405 128.607199
35.883120 128.607660
35.882850 128.608340
35.882641 128.609087
35.882460 128.609750
35.882356 128.610119
35.882111 128.610999
35.881843 128.611957
35.881324 128.613715
35.881124 128.614092
35.881602 128.616516
35.881748 128.617268
35.881926 128.618156
35.882068 128.618876
35.882393 128.620267
35.882467 128.620582
35.882649 128.621351
35.882902 128.622314
35.883007 128.622689
35.883137 128.623150
35.883297 128.624038
35.883624 128.624780
35.884190 128.625618
35.884514 128.626114
35.884918 128.626745
35.885410 128.627540
35.885618 128.627980
35.885710 128.628400
35.885650 128.629400
35.885562 128.630852
35.885519 128.631554
35.885564 128.632660
35.885579 128.633050
35.885737 128.634071
35.885908 128.635117
35.886032 128.635874
35.886108 128.636330
35.886197 128.636924
35.886420 128.637770
35.886740 128.638635
35.887220 128.639971
35.887440 128.640530
35.887593 128.640805
35.887815 128.640993
35.888280 128.641290
35.889650 128.642180
35.891260 128.643100
35.892070 128.643550