35.903477 128.596258
35.902886 128.596313
35.901690 128.596300
35.899990 128.596320
35.899173 128.596033
35.898522 128.595805
35.898033 128.595633
35.897062 128.595292
35.895609 128.594782
35.895337 128.594687
35.894890 128.594530
35.894102 128.594279
35.893804 128.594184
35.893426 128.594064
35.892850 128.594275
35.892178 128.594766
35.891763 128.595181
35.891420 128.595666
35.891138 128.596223
35.890943 128.596829
35.890768 128.597796
35.890684 128.598520
35.890596 128.598967
35.890411 128.599473
35.890212 128.599849
35.889941 128.600342
35.889640 128.600958
35.888799 128.601468
35.888494 128.601594
35.888166 128.601664
35.887721 128.601638
35.887433 128.601765
35.886947 128.601914
35.886269 128.602309
35.885017 128.604455
35.883870 128.606438
35.883405 128.607199
35.883120 128.607660
35.882850 128.608340
35.882641 128.609087
35.882460 128.609750
35.882356 128.610119
35.882111 128.610999
35.881843 128.611957
35.881333 128.613683
35.881124 128.614092
35.881602 128.616516
35.881748 128.617268
35.881926 128.618156
35.882068 128.618876
35.882393 128.620267
35.882467 128.620582
35.882649 128.621351
35.882902 128.622314
35.883007 128.622689
35.883137 128.623150
35.883297 128.624038
35.882990 128.624115
35.882183 128.624869
35.881307 128.625799
35.881118 128.626043
35.880589 128.626435
35.880323 128.626503
35.879999 128.626520
35.879694 128.626501
35.879309 128.626426
35.878920 128.626383
35.878385 128.626369
35.878009 128.626340
35.877645 128.626485