35.93506667 128.56208167
35.82989333 128.70473333
35.84570000 128.67377667
35.86604833 128.63974000
35.87939167 128.62699442
35.88904167 128.61720500
35.90542500 128.61826000
35.90695887 128.60863130
35.94566000 128.54415500
35.94218667 128.54214000
35.83067700 128.70692700
35.84570000 128.67377667
35.86955833 128.63743500
35.88191250 128.62568812
35.89040167 128.61907500
35.90697000 128.61861667
35.90500500 128.60291000
35.93149000 128.56029167
35.94218667 128.54214000
35.94218667 128.54214000
35.83513333 128.70577000
35.85348167 128.65793667
35.87395667 128.63460667
35.88281333 128.62145000
35.89290667 128.62133833
35.90982500 128.61495500
35.90500500 128.60291000
35.93177333 128.55719333
35.94218667 128.54214000
35.94218667 128.54214000
35.83889000 128.70429500
35.85636167 128.65138000
35.87666667 128.63283333
35.88160737 128.61597178
35.89478167 128.61874333
35.90982500 128.61495500
35.91656952 128.60275225
35.93177333 128.55719333
35.94218667 128.54214000
35.94218667 128.54214000
35.84157520 128.70262473
35.86016513 128.64719723
35.87755273 128.63000570
35.88498500 128.61449667
35.89834833 128.61523500
35.90695887 128.60863130
35.92045500 128.60358667
35.93238315 128.55130340
35.94218667 128.54214000
35.94218667 128.54214000
35.82989333 128.70473333
35.84303333 128.69454500
35.86349947 128.64700533
35.87939167 128.62699442
35.88904167 128.61720500
35.90158500 128.61607333
35.90500500 128.60291000
35.92141500 128.59967000
35.93238315 128.55130340
35.94218667 128.54214000
35.83067700 128.70692700
35.84164333 128.68610333
35.86423500 128.64397500
35.88191250 128.62568812
35.89290667 128.62133833
35.90697000 128.61861667
35.90500500 128.60291000
35.92802623 128.59916527
35.93400000 128.54153667
35.94218667 128.54214000
35.83513333 128.70577000
35.84570000 128.67377667
35.86604833 128.63974000
35.88281333 128.62145000
35.89478167 128.61874333
35.90697000 128.61861667
35.91656952 128.60275225
35.92802623 128.59916527
35.93890500 128.54179833
35.94218667 128.54214000
35.83889000 128.70429500
35.85348167 128.65793667
35.86955833 128.63743500
35.88160737 128.61597178
35.89834833 128.61523500
35.90982500 128.61495500
35.92045500 128.60358667
35.94382438 128.57386833
35.94566000 128.54415500
35.94218667 128.54214000
35.84226000 128.69979333
35.85498167 128.65394500
35.87666667 128.63283333
35.88259333 128.61240167
35.90158500 128.61607333
35.90695887 128.60863130
35.92141500 128.59967000
35.94409000 128.56542667
35.94218667 128.54214000
35.94218667 128.54214000
35.84303333 128.69454500
35.85801833 128.64828833
35.87666667 128.63283333
35.88904167 128.61720500
35.90697000 128.61861667
35.90534500 128.60519833
35.92802623 128.59916527
35.93856833 128.56267833
35.94218667 128.54214000
35.94218667 128.54214000
35.82989333 128.70473333
35.84164333 128.68610333
35.86231333 128.64824833
35.87755273 128.63000570
35.89040167 128.61907500
35.90697000 128.61861667
35.90500500 128.60291000
35.92802623 128.59916527
35.93506667 128.56208167
35.94218667 128.54214000
35.83067700 128.70692700
35.84570000 128.67377667
35.86423500 128.64397500
35.88191250 128.62568812
35.89040167 128.61907500
35.90982500 128.61495500
35.91577010 128.59963770
35.94382438 128.57386833
35.93177333 128.55719333
35.94218667 128.54214000
35.83513333 128.70577000
35.84757333 128.67024167
35.86604833 128.63974000
35.88281333 128.62145000
35.89478167 128.61874333
35.90781185 128.61060092
35.91798833 128.60374000
35.94339667 128.57025667
35.93177333 128.55719333
35.94218667 128.54214000
35.83889000 128.70429500
35.85101000 128.66534500
35.86955833 128.63743500
35.88160737 128.61597178
35.89478167 128.61874333
35.90695887 128.60863130
35.92114833 128.60122167
35.94409000 128.56542667
35.93238315 128.55130340
35.94218667 128.54214000
35.83889000 128.70429500
35.85636167 128.65138000
35.87395667 128.63460667
35.88259333 128.61240167
35.89834833 128.61523500
35.90534500 128.60519833
35.92802623 128.59916527
35.93856833 128.56267833
35.93378333 128.54481167
35.94218667 128.54214000
35.84226000 128.69979333
35.85801833 128.64828833
35.87666667 128.63283333
35.88498500 128.61449667
35.90542500 128.61826000
35.90500500 128.60291000
35.92802623 128.59916527
35.93506667 128.56208167
35.93378333 128.54481167
35.94218667 128.54214000